1 10
100 200
201 210
900 1000
999999 1
1000 900
210 201
200 100
10 1
1 1
1 2
1 3
1 4
4 1
4 4
5 6
1435 1435
10 1000
11 34234
3 1
900 901
10000 10002
40 4905
324 2344
9349 9342
23048 20489
2034 20
20 2034
6986 59685
40860 45086
4086 45069
237 834
345 5656
56434 5464
908 989
9890 1
99 100
204 234
43 34
3453 3455
54 44
3333 3334
3234 5435
3953 34054
9494 9999
100000 100001
111 123
343 10000
10000 100000
10 100
100 1000
1000 1000
34 45
34 65
78 76
768 56
464 45
56 76
8 8
9 66 
10 12
34343 65655
69486 54968
1 999999
82346 3276
8749 8477
8484 4857
50860 8945
3 4545
56 6999
9987 77833
78457 85966
9688 38374
9588 383
398 9388 
999999 7
484 835098
786 5676
93354 93499
49556 29492
92797 234787
34855 837578 
9999 9
902202 234
304840 566
7898 78999
87883 73875
940858 45454
6575 6333
35357 45646
23426 76676
34534 34055
2342 345533
68757 45646
34593 34533
35355 34534
86525 32648
23472 23498
684545 353
34775 3497
38949 39734
99999 99999
837799 837799 
